fisheye front
DIM=(960, 960)
K=np.array([[325.53366320616897, 0.0, 491.189167792393], [0.0, 324.4750809403645, 454.2061993406636], [0.0, 0.0, 1.0]])
D=np.array([[-0.10403156166663023], [0.23333507260530398], [-0.1941365883840621], [0.05448534910345762]])


fisheye rear
DIM=(960, 960)
K=np.array([[274.46371564171494, 0.0, 487.6984462870649], [0.0, 274.0968022277246, 496.6569776689289], [0.0, 0.0, 1.0]])
D=np.array([[-0.19614339259258914], [0.7438985921768198], [-0.8423551583526314], [0.3093796781817814]])


standard
